x <- 1

x + 1 

10+2+4
